P_0 = 0.05274204211971213
P_1 = 0.04722155889602358
P_2 = 0.04331083607000373
P_3 = 0.03926801751190569
P_4 = 0.03640148304442295
P_5 = 0.033601458188287664
P_6 = 0.03132210962024066
P_7 = 0.02950302903681388
P_8 = 0.027362551513191554
P_9 = 0.025983569722570397
P_10 = 0.02442947086047555
P_11 = 0.023853257126783146
P_12 = 0.023396043061628145
P_13 = 0.02276042550011729
P_14 = 0.022179722321941577
P_15 = 0.02175225196942244
P_16 = 0.02128319449631569
P_17 = 0.02128319449631569
P_18 = 0.02175225196942244
P_19 = 0.022179722321941573
P_20 = 0.022760425500117296
P_21 = 0.023396043061628142
P_22 = 0.023853257126783142
P_23 = 0.024429470860475547
P_24 = 0.025983569722570397
P_25 = 0.027362551513191554
P_26 = 0.029503029036813875
P_27 = 0.03132210962024066
P_28 = 0.03360145818828768
P_29 = 0.03640148304442295
P_30 = 0.03926801751190568
P_31 = 0.04331083607000372
P_32 = 0.047221558896023585
